578 10000110, 00000111 00 0011010110

0000. Μο10 00110 00000110 00101101000110000101110011
00011 omis de 10110 100 0111000000 0000000000 0000000000

100000000010001, 00111 01011 seulement 1000000011ὶο 00 00
0001100000, 000 10 cantion des 0011110000. 11 01011 00010·
111001 1000 00 prendre 100110οο11100000 01 100 0000100 0οο-
pres 0 00000000001 100 10100010 00 000 pupille.

1100 0011011011 00100 100 100100, 1001001100 00 11110000
0100100000οχ 0000010100 0011100010 0001 00 faire un 001-

· ploi, 00 001 0001000011 00 0000001 000 00101000 0000000100

0 1000 110000, 11 000011 1001010000 00 0110011, 000 10010000
0010010, 0110 placer au 10011 1000100100 00110001011 00100-
101110 00010011, 0 moins que 10 0000011 00 10101110 00 l'au-
1001001, 0101000 000 0100000100000,0 0000111000000 000100
000 00 0100 moins avantageux (1). En 0000101, 000100
Brelagne et en Bresse‚ 11 1101011000 0011110 0 000100 010-
10101 000 011110οι100, 10 010101001100010 00000110 (2).

Le 1010111· 0000110011100 11 1001001100 000 1100110000110
000 pupille 01 agir 0 001 &gard 00 1100 0000 00 10011110.
Les 00000000 0001111010 0101101100 01010111 00001000000100
0000000 ; quant aux 10010 00 0000000 00000011000, 110 pou-
1101001 0110 0010, 00 110010 01100 0100000000 00 juge, sur
000 000011101100 00 10010 10110 00 nom du 11110000. Il lui
01011 00001010οη00 00110010001001100110000 010101 que de
les 0110101100 lui-meme, 0100 10010001· 00 1001100, 00 0100
0111001 0100001000001100100000. Μο10001101010101110001011
000 10010000001110, 01 100 baux 10110 0000 001000 prives
0101001 0011000, 000000 qu'ils 00 100000100101 suspects 00

(10110010 0000111011 01110101, 0000 10 0010100 six mois pour

10 0100101010 00000 00 10 1010110, 01 de deux ou trois dans
les autres, 000 00110000 (00011000 000 101 pour 10 compte

(1) Acte de 0010011110 du 00010101, du 110101 1690; ,10νὲ1110 de
Lamoignon 100 011,,011.0101101.

(1) 0010000000 00 11101, 011. 101, 0110010,101·10000100
11010, 110. 111, 111. 1, 0ο 10; (111101, 0010111101,011.010; 00001

du 0011010001 de 10010, 00 ’11001 1111.

 

