528 66 11 1111661666 1111111116

61116666166611166 161616166 ne 116611611, 6666 166161166-
1166 (66111616, acceptet valablemoni 1166 (16661166, 66 qui
61616611 611666161661 161166611111116 (1616116, sans 6116, 116
6661161, 616166 6166163661. s ·

11 16116111661616166116611161 (16 66116 prohibition 16661111-
gations que 161616616 66611661611 par 16 1611 (16111161, sans
aucun 66161161666661. 11661 6116 61611 61111366, quoique
son 16611 66 16111116161661611666, 6611616 16 6696116116(
,1161611161 avait 1611 66 666 absence (166 161161611666 61-
gentes 1 66 maison. Ε116 61611 16666 (166 obligations 66111-
161166, (16 6611661161 (1611161661 (16 16 161 ou (16 16116116, 61
(16 661166 qui 6616661661116 666 (161116 61 (111661-(161116, sani
66 666116 dol desa 11611, 1161661166 celui qui avait 666-
116616 61166 611611616116116116161 (161611 116116 6666 1611
1611661166 dn 61611. 11 66 61611 (16 616166 (166 obligations
qu'eile ooniraoiaii loin (16 66 domeure, dans 6611611611

· 166 11661611 6611 (6611611661 611 6116 11666611 pour 11116, oar

on 66 11661611 16116666161661161161116 666116616616116
1161611 pas (1666111611 66 (1661116.

La 666666116 (161·661611661166 1116111616 6611111611 661-
161666 661166 6166111666.

1· La tommo 66116166 (16 11166616661111661, 1161 161161 (16
16 66116161166, 16111616161161166 de ses 111666, 1161611 pas
1166616 (1616111611661166 deson 16611 116111 166 66166 (16
11616 611616161161166. Mais si 6116 (16166611 6161116666 (16
6661616666, 116 666 616611166 61 (16 666 6611666 61661116166,

611666 11661611 6116661 666 16161666166, 166 66666161,
61161661166166 inire des 6161116616666611161611166 666616

6666661616661116 666 16611 611, ison (161661, 16 116116166166
(16 justice, 6 616166 qne 16 1611616661 (16 6616161166 116 11
611 61111666661661 6111611666 (1). Les 6611166166 du 1166616,
611. 58, (16 1166161116, 611. 8, 611. 6, 61166616666 66616616
, (10116666, 611. 171, (16616161661 1161111661 (11611611661611

1¹) 11166611, 6111 ln 16611163661116366, iii. (1, 611. 1, 6616 3.

 

