DU MARIAGE ΡΠΤᾹΤΙΙ(1

¹ (1111111116 11 ’

ι 1 ’116 11161166 1611111

116 mariage 11661611 6116 666616· 61 66116664661111666116

(166 611616 611116, 166166 1116111 (166 611161116 (11(’66 1116111-(16
1611661( (16 116666 161; 11 61611 61661 &gard les 16611166 cona
66611666661166 611 61611616 161661616661 6611116616. On 161
(16611611 611 66 666 16116111 (16 6161169611616111. Les 66161116
666 (16 66116 66166 61616111 16116166 1611111666, 1661116 vis-a·
11666161666 6611161616 (1616161161666 1166116161, 611161166-
161661 1666611111 66 6666666166. 13611661 1166111611661611
11661661116 1616661166 (166 66111611ῑί666 matrimoniales
contre son 66616161 (1111161611 1611 16161161 (1666 1611661·
61 666116 666 1161111616.116611-6166161661 1166 1666666 161
61111666116 11611116 (16 mariage, (1611116666611 (16 1611 (16
1661661661.

1166 61611 (1611161116 dans le 666 611 16 mariage avait 616
6661166161161 66116 (16 1116616666 d'une 66666166611611 (161
11111611 1661166 61166166 666616116611116. 1666616616 6161661
1611116166611166161661666666616 66161 (16 16616 parents,
qui 61611616 (16 1166116161. Mais ils 116 11661616611666611-
111166 1116116 (166666661ηὲ qui 61616111 (1616166 661166, ni
16611 (166 (116116 (16 16611116 (166616 16611116 (16 1666666661
111116 (16 66116161 61111, 11616(16’11661616111666116616116616-
16661 6 16 66666616611611 (161 1611 61611 (1611661116.

1161116116161161, quoique contracte} (16 1166116 161,116
11661611 16ςί1111161 166 66161116 16666 (16 16 666611116ῑί66 1111·
6116 (16 16616 parents 616111 166166166, 11616611661616 166
11611166111111161616111 1161111 (16·61166 661111616111 6 (166 1616-
tions coupables,

En 161666116, 6611611161661161166 6666616661116111 66111166-
16666 11166616616111666611 61161 61111, bien que les parties

 

