0001001110οε ³ 419

1611, 110 01001003 0010101331003 110 10101010, qui 101101100-
001001 3003110011 1V et 101113Χ111 01001001 plus 11011100-
0110. Εο1662,10013 ,1111103111υο un 1111111101 1000101 11001
10311001103, 103 010111110013 1010111103 01 103 0101101103 dans
100103103 111103 00 gros bourgs du 10100100 00 110000113-
1011 1103. 11 101 0103100100011 1001011 1103 1033001003 0 003
000100010101111330100013010100110111030100006011013110-
11011. Ce double 1101 101 0110101 1101 101111 110 1692 qui 100011
0011161111001130001001 103 111003 1103 010100101103 30111111-
10003, 1110001101001001 0111111003 011 166101 1672 001 0111103
110 81101010 01 110 Μο01-11010101, 01 par deux (100101011003
110 1695 01 110 169611011101000100100110 mode de gestion
des 1103111003. (10311001010110031011001 110 010 1111013110 110
1011010 qui 30 111011013οἰ1 11003103 0100113300100131103-
1111011013, 1110311110 10113 soumis 11 1103 101110010013 1111010013;
01103 1100001001 00 11001011 01130111 01 30113 00011010 aux
11010001 (1011000131101100, dans lesquels 10 1110300000 000-
1100011011110110011 aux 0101101011003 00 01011003, mais, par
10 11101110, 0110300 1110011103 003301100010301103 11001103 30
1110110301οη1 110 111010011, 110100 1100 10 11011 011110 01 10 10-
110Ιο1110 00 11001001 1030110111υο11000001110301101110000.
Νο011010103,101011000 1103 1103111003 00030011111110311000·
coup. En 1791, 011 01010011100100101110 00 11000001155
01 10 01001001 110 100131010003 1118 101111003.

Α 10 010010 01101100, Louis XIV 30010011011 103 1101111001
00 10111010 1103 001103 0010010000103, 0031-1-1111011 10010-
1130110011100101110.110 01111 110 (1000101110 1666 1101001111 110-
1011111 (10300110303, 000110000010310113100303 013000110103,
1110111010111111010110 1100111100, 3003 000 1101011331οο expresse
110 roi, 1101 10 (1000011 1101 1011103-110100103 001031311003 00 ·
00110100010101100111101100011001010330111330100110311001.
1110010100 0011011001ὀο 0011301101100101110000103103111100
01103 1001103, 001101103, 0003013Ι 00 1010131103 111103 00
1100113. En un 1001, 103 010011330100013 003011011013, 11001
10 1001101100 0101110311001013 (101000100111110, durent 0110

 

